52 15 0.0
53 15 1.0
54 15 11.0
55 15 12.0
56 15 13.0
56 16 14.0
57 16 15.0
57 17 16.0
58 17 17.0
59 17 18.0
60 17 19.0
61 17 20.0
62 17 21.0
63 17 22.0
64 17 27.0
65 17 28.0
66 17 29.0
67 17 30.0
67 16 31.0
68 16 32.0
68 15 39.69230769230769
68 16 40.69230769230769
68 17 41.69230769230769
68 18 42.69230769230769
68 19 43.69230769230769
68 20 44.69230769230769
69 20 45.69230769230769
69 21 46.69230769230769
69 22 47.69230769230769
70 22 48.69230769230769
71 22 49.69230769230769
72 22 50.69230769230769
73 22 51.69230769230769
73 23 52.69230769230769
74 23 53.69230769230769
74 24 54.69230769230769
74 25 55.69230769230769
74 26 56.69230769230769
75 26 57.69230769230769
75 27 58.69230769230769
75 28 59.69230769230769
76 28 60.69230769230769
77 28 61.69230769230769
77 27 62.69230769230769
78 27 67.6923076923077
79 27 68.6923076923077
80 27 69.6923076923077
81 27 70.6923076923077
81 26 71.6923076923077
82 26 72.6923076923077
82 25 73.6923076923077
83 25 74.6923076923077
84 25 79.6923076923077
84 24 80.6923076923077
84 23 81.6923076923077
84 22 82.6923076923077
84 21 83.6923076923077
85 21 84.6923076923077
85 20 85.6923076923077
85 19 95.6923076923077
85 18 105.6923076923077
85 17 116.80341880341881
86 17 126.80341880341881
86 16 131.80341880341882
87 16 132.80341880341882
88 16 142.80341880341882
89 16 152.80341880341882
90 16 153.80341880341882
90 15 154.80341880341882
91 15 159.80341880341882
92 15 182.02564102564105
92 16 192.02564102564105
93 16 193.02564102564105
94 16 194.02564102564105
94 17 195.02564102564105
94 18 218.23992673992677
94 19 219.23992673992677
95 19 220.23992673992677
96 19 246.1658526658527
95 19 247.1658526658527
94 19 248.1658526658527
93 19 249.1658526658527
92 19 259.1658526658527
91 19 260.1658526658527
90 19 261.1658526658527
89 19 262.1658526658527
89 20 263.1658526658527
89 21 264.1658526658527
88 21 265.1658526658527
87 21 270.1658526658527
86 21 271.1658526658527
85 21 272.1658526658527
85 22 273.1658526658527
85 23 274.1658526658527
84 23 275.1658526658527
84 24 276.1658526658527
84 25 281.1658526658527
83 25 282.1658526658527
82 25 283.1658526658527
82 26 284.1658526658527
81 26 285.1658526658527
81 27 286.1658526658527
81 28 287.1658526658527
81 29 288.1658526658527
81 30 289.1658526658527
82 30 290.1658526658527
83 30 295.1658526658527
84 30 296.1658526658527
84 31 297.1658526658527
85 31 298.1658526658527
86 31 299.1658526658527
87 31 300.1658526658527
88 31 301.1658526658527
89 31 302.1658526658527
90 31 303.1658526658527
91 31 304.1658526658527
92 31 305.1658526658527
93 31 306.1658526658527
94 31 307.1658526658527
95 31 308.1658526658527
96 31 309.1658526658527
97 31 314.1658526658527
98 31 315.1658526658527
99 31 316.1658526658527
100 31 317.1658526658527
101 31 318.1658526658527
102 31 319.1658526658527
103 31 320.1658526658527
104 31 321.1658526658527
104 32 322.1658526658527
105 32 323.1658526658527
106 32 324.1658526658527
107 32 325.1658526658527
108 32 330.1658526658527
109 32 331.1658526658527
110 32 332.1658526658527
111 32 333.1658526658527
112 32 334.1658526658527
113 32 335.1658526658527
114 32 336.1658526658527
114 31 337.1658526658527
114 30 338.1658526658527
114 29 343.1658526658527
114 28 348.1658526658527
114 27 349.1658526658527
114 26 350.1658526658527
115 26 351.1658526658527
115 25 352.1658526658527
115 24 353.1658526658527
114 24 354.1658526658527
114 23 355.1658526658527
113 23 356.1658526658527
112 23 361.1658526658527
111 23 362.1658526658527
110 23 363.1658526658527
110 22 364.1658526658527
109 22 365.1658526658527
109 21 366.1658526658527
109 20 367.1658526658527
109 19 368.1658526658527
108 19 369.1658526658527
108 18 370.1658526658527
107 18 371.1658526658527
106 18 372.1658526658527
106 19 373.1658526658527
105 19 374.1658526658527
104 19 375.1658526658527
103 19 376.1658526658527
102 19 377.1658526658527
101 19 382.1658526658527
100 19 383.1658526658527
99 19 384.1658526658527
99 20 385.1658526658527
98 20 412.94363044363047
99 20 413.94363044363047
100 20 414.94363044363047
101 20 415.94363044363047
102 20 420.94363044363047
102 19 421.94363044363047
103 19 422.94363044363047
104 19 423.94363044363047
105 19 424.94363044363047
106 19 425.94363044363047
106 18 426.94363044363047
107 18 427.94363044363047
108 18 428.94363044363047
109 18 429.94363044363047
110 18 430.94363044363047
110 17 431.94363044363047
110 16 432.94363044363047
111 16 433.94363044363047
111 15 434.94363044363047
111 14 435.94363044363047
112 14 463.5298373401822
111 14 464.5298373401822
111 15 465.5298373401822
111 16 466.5298373401822
111 17 467.5298373401822
111 18 468.5298373401822
111 19 469.5298373401822
110 19 470.5298373401822
110 20 471.5298373401822
110 21 472.5298373401822
110 22 473.5298373401822
110 23 474.5298373401822
110 24 475.5298373401822
111 24 480.5298373401822
111 25 481.5298373401822
111 26 510.84018216776843
111 25 511.84018216776843
112 25 512.8401821677685
113 25 517.8401821677685
113 26 518.8401821677685
114 26 519.8401821677685
115 26 520.8401821677685
115 27 521.8401821677685
116 27 522.8401821677685
117 27 523.8401821677685
118 27 524.8401821677685
119 27 525.8401821677685
119 28 526.8401821677685
120 28 527.8401821677685
121 28 528.8401821677685
122 28 533.8401821677685
122 27 534.8401821677685
123 27 557.9171052446916
122 27 558.9171052446916
122 28 563.9171052446916
121 28 564.9171052446916
120 28 565.9171052446916
119 28 566.9171052446916
118 28 567.9171052446916
118 27 568.9171052446916
117 27 569.9171052446916
116 27 570.9171052446916
115 27 571.9171052446916
114 27 572.9171052446916
114 28 577.9171052446916
114 29 582.9171052446916
114 30 583.9171052446916
114 31 584.9171052446916
115 31 585.9171052446916
115 32 586.9171052446916
115 33 587.9171052446916
115 34 588.9171052446916
115 35 589.9171052446916
116 35 590.9171052446916
117 35 591.9171052446916
118 35 592.9171052446916
119 35 593.9171052446916
120 35 626.6757259343467
120 36 627.6757259343467
119 36 628.6757259343467
119 37 629.6757259343467
119 38 630.6757259343467
120 38 631.6757259343467
121 38 632.6757259343467
122 38 633.6757259343467
123 38 634.6757259343467
124 38 635.6757259343467
125 38 636.6757259343467
126 38 641.6757259343467
127 38 642.6757259343467
127 37 643.6757259343467
128 37 644.6757259343467
129 37 645.6757259343467
130 37 646.6757259343467
131 37 647.6757259343467
132 37 648.6757259343467
133 37 649.6757259343467
134 37 650.6757259343467
135 37 651.6757259343467
136 37 652.6757259343467
136 36 662.6757259343467
137 36 672.6757259343467
138 36 682.6757259343467
139 36 692.6757259343467
139 35 693.6757259343467
140 35 694.6757259343467
141 35 695.6757259343467
142 35 696.6757259343467
143 35 697.6757259343467
143 36 698.6757259343467
144 36 699.6757259343467
145 36 700.6757259343467
146 36 705.6757259343467
147 36 730.0659698367857
146 36 735.0659698367857
145 36 736.0659698367857
144 36 737.0659698367857
143 36 738.0659698367857
142 36 739.0659698367857
141 36 740.0659698367857
141 35 741.0659698367857
140 35 742.0659698367857
139 35 743.0659698367857
139 36 753.0659698367857
138 36 763.0659698367857
137 36 773.0659698367857
136 36 783.0659698367857
136 37 784.0659698367857
135 37 785.0659698367857
135 38 790.0659698367857
135 39 795.0659698367857
136 39 823.2710980419139
135 39 828.2710980419139
134 39 829.2710980419139
133 39 830.2710980419139
132 39 835.2710980419139
131 39 836.2710980419139
130 39 837.2710980419139
129 39 838.2710980419139
129 40 839.2710980419139
129 41 840.2710980419139
129 42 845.2710980419139
129 43 846.2710980419139
129 44 847.2710980419139
128 44 848.2710980419139
128 45 849.2710980419139
128 46 850.2710980419139
128 47 851.2710980419139
129 47 852.2710980419139
129 48 853.2710980419139
129 49 854.2710980419139
130 49 855.2710980419139
131 49 856.2710980419139
132 49 857.2710980419139
133 49 858.2710980419139
133 48 859.2710980419139
134 48 860.2710980419139
134 47 861.2710980419139
134 46 862.2710980419139
135 46 867.2710980419139
135 45 877.2710980419139
136 45 908.0403288111446
137 45 1108.0403288111447
138 45 1109.0403288111447
139 45 1110.0403288111447
140 45 1111.0403288111447
141 45 1112.0403288111447
142 45 1113.0403288111447
143 45 1145.5403288111447
144 45 1146.5403288111447
145 45 1147.5403288111447
146 45 1148.5403288111447
146 44 1149.5403288111447
147 44 1154.5403288111447
147 43 1155.5403288111447
148 43 1156.5403288111447
148 42 1157.5403288111447
148 41 1158.5403288111447
149 41 1159.5403288111447
150 41 1160.5403288111447
151 41 1161.5403288111447
152 41 1162.5403288111447
153 41 1163.5403288111447
154 41 1168.5403288111447
155 41 1169.5403288111447
156 41 1204.5403288111447
157 41 1209.5403288111447
158 41 1214.5403288111447
158 40 1215.5403288111447
159 40 1216.5403288111447
160 40 1217.5403288111447
160 39 1253.2546145254305
159 39 1254.2546145254305
159 40 1255.2546145254305
158 40 1256.2546145254305
158 41 1261.2546145254305
158 42 1266.2546145254305
158 43 1267.2546145254305
158 44 1268.2546145254305
159 44 1269.2546145254305
160 44 1270.2546145254305
161 44 1275.2546145254305
162 44 1276.2546145254305
163 44 1277.2546145254305
164 44 1278.2546145254305
165 44 1279.2546145254305
166 44 1280.2546145254305
166 43 1281.2546145254305
167 43 1282.2546145254305
168 43 1283.2546145254305
169 43 1284.2546145254305
170 43 1285.2546145254305
170 44 1286.2546145254305
171 44 1287.2546145254305
172 44 1288.2546145254305
173 44 1289.2546145254305
174 44 1290.2546145254305
174 45 1291.2546145254305
174 46 1292.2546145254305
175 46 1293.2546145254305
176 46 1294.2546145254305
177 46 1295.2546145254305
177 47 1296.2546145254305
177 48 1297.2546145254305
178 48 1298.2546145254305
179 48 1299.2546145254305
180 48 1300.2546145254305
181 48 1301.2546145254305
182 48 1306.2546145254305
183 48 1307.2546145254305
184 48 1312.2546145254305
185 48 1313.2546145254305
186 48 1314.2546145254305
186 49 1315.2546145254305
186 50 1316.2546145254305
186 51 1317.2546145254305
187 51 1318.2546145254305
188 51 1319.2546145254305
189 51 1320.2546145254305
190 51 1325.2546145254305
191 51 1326.2546145254305
192 51 1331.2546145254305
193 51 1336.2546145254305
194 51 1337.2546145254305
194 52 1342.2546145254305
194 53 1343.2546145254305
193 53 1348.2546145254305
193 54 1349.2546145254305
192 54 1350.2546145254305
191 54 1351.2546145254305
191 55 1352.2546145254305
190 55 1353.2546145254305
189 55 1354.2546145254305
188 55 1355.2546145254305
187 55 1356.2546145254305
186 55 1357.2546145254305
185 55 1358.2546145254305
184 55 1359.2546145254305
183 55 1360.2546145254305
182 55 1361.2546145254305
181 55 1362.2546145254305
180 55 1363.2546145254305
180 56 1364.2546145254305
179 56 1365.2546145254305
178 56 1366.2546145254305
177 56 1371.2546145254305
177 55 1372.2546145254305
176 55 1373.2546145254305
175 55 1374.2546145254305
174 55 1375.2546145254305
173 55 1376.2546145254305
172 55 1377.2546145254305
171 55 1378.2546145254305
170 55 1379.2546145254305
170 56 1380.2546145254305
169 56 1381.2546145254305
168 56 1382.2546145254305
167 56 1383.2546145254305
166 56 1384.2546145254305
166 57 1385.2546145254305
166 58 1386.2546145254305
165 58 1387.2546145254305
164 58 1388.2546145254305
163 58 1389.2546145254305
162 58 1390.2546145254305
161 58 1391.2546145254305
161 57 1392.2546145254305
160 57 1393.2546145254305
159 57 1394.2546145254305
158 57 1395.2546145254305
158 58 1396.2546145254305
157 58 1397.2546145254305
156 58 1398.2546145254305
155 58 1399.2546145254305
155 57 1400.2546145254305
154 57 1401.2546145254305
154 56 1402.2546145254305
153 56 1403.2546145254305
152 56 1404.2546145254305
151 56 1405.2546145254305
150 56 1406.2546145254305
149 56 1407.2546145254305
148 56 1408.2546145254305
147 56 1409.2546145254305
146 56 1410.2546145254305
145 56 1411.2546145254305
144 56 1416.2546145254305
143 56 1417.2546145254305
143 55 1418.2546145254305
142 55 1419.2546145254305
141 55 1420.2546145254305
140 55 1421.2546145254305
139 55 1422.2546145254305
139 54 1423.2546145254305
139 53 1424.2546145254305
138 53 1425.2546145254305
137 53 1426.2546145254305
136 53 1427.2546145254305
135 53 1428.2546145254305
134 53 1429.2546145254305
133 53 1430.2546145254305
132 53 1431.2546145254305
131 53 1432.2546145254305
130 53 1433.2546145254305
129 53 1434.2546145254305
129 52 1435.2546145254305
129 51 1436.2546145254305
128 51 1437.2546145254305
128 50 1438.2546145254305
128 49 1439.2546145254305
128 48 1440.2546145254305
128 47 1441.2546145254305
128 46 1442.2546145254305
128 45 1443.2546145254305
128 44 1444.2546145254305
127 44 1445.2546145254305
126 44 1450.2546145254305
126 43 1451.2546145254305
125 43 1452.2546145254305
125 42 1453.2546145254305
124 42 1454.2546145254305
124 41 1455.2546145254305
124 40 1456.2546145254305
124 39 1457.2546145254305
123 39 1458.2546145254305
122 39 1459.2546145254305
121 39 1460.2546145254305
121 38 1461.2546145254305
120 38 1462.2546145254305
119 38 1463.2546145254305
118 38 1464.2546145254305
118 37 1465.2546145254305
118 36 1466.2546145254305
117 36 1467.2546145254305
117 35 1468.2546145254305
116 35 1469.2546145254305
115 35 1470.2546145254305
115 36 1471.2546145254305
114 36 1472.2546145254305
113 36 1473.2546145254305
112 36 1474.2546145254305
111 36 1475.2546145254305
111 35 1476.2546145254305
110 35 1477.2546145254305
109 35 1478.2546145254305
108 35 1479.2546145254305
108 34 1480.2546145254305
107 34 1481.2546145254305
106 34 1482.2546145254305
106 35 1483.2546145254305
105 35 1484.2546145254305
104 35 1485.2546145254305
104 34 1486.2546145254305
104 33 1487.2546145254305
104 32 1488.2546145254305
103 32 1489.2546145254305
102 32 1490.2546145254305
102 31 1491.2546145254305
101 31 1492.2546145254305
100 31 1493.2546145254305
99 31 1494.2546145254305
98 31 1495.2546145254305
97 31 1500.2546145254305
96 31 1501.2546145254305
95 31 1502.2546145254305
94 31 1503.2546145254305
93 31 1504.2546145254305
92 31 1505.2546145254305
91 31 1506.2546145254305
90 31 1507.2546145254305
89 31 1508.2546145254305
88 31 1509.2546145254305
87 31 1510.2546145254305
86 31 1511.2546145254305
85 31 1512.2546145254305
84 31 1513.2546145254305
83 31 1518.2546145254305
82 31 1519.2546145254305
82 30 1520.2546145254305
81 30 1521.2546145254305
80 30 1522.2546145254305
80 29 1523.2546145254305
79 29 1524.2546145254305
78 29 1525.2546145254305
77 29 1530.2546145254305
76 29 1531.2546145254305
76 28 1532.2546145254305
75 28 1533.2546145254305
75 27 1534.2546145254305
74 27 1535.2546145254305
74 26 1536.2546145254305
74 25 1537.2546145254305
73 25 1538.2546145254305
72 25 1539.2546145254305
71 25 1540.2546145254305
71 24 1541.2546145254305
71 23 1542.2546145254305
70 23 1543.2546145254305
69 23 1544.2546145254305
69 22 1545.2546145254305
69 21 1546.2546145254305
69 20 1547.2546145254305
68 20 1548.2546145254305
68 19 1549.2546145254305
68 18 1550.2546145254305
68 17 1551.2546145254305
67 17 1552.2546145254305
66 17 1553.2546145254305
65 17 1554.2546145254305
64 17 1559.2546145254305
63 17 1560.2546145254305
62 17 1561.2546145254305
61 17 1562.2546145254305
60 17 1563.2546145254305
59 17 1564.2546145254305
58 17 1565.2546145254305
57 17 1566.2546145254305
56 17 1567.2546145254305
56 18 1568.2546145254305
55 18 1569.2546145254305
54 18 1570.2546145254305
53 18 1571.2546145254305
52 18 1572.2546145254305
52 17 1572.2546145254305
